== Freedom House (pooled OLS 0.072, fixed effects 0.010) ==
Each cell: estimate (SE) [instruments, overid p, AR(2) p]
Max lag  Difference GMM                    System GMM                       
2        -0.253 (0.186) [21, 0.01, 0.84]   0.109 (0.028) [36, 0.02, 0.46]   
3        -0.168 (0.134) [33, 0.11, 0.73]   0.087 (0.025) [48, 0.03, 0.48]   
4        -0.072 (0.086) [43, 0.13, 0.61]   0.086 (0.023) [58, 0.04, 0.50]   
5        -0.118 (0.068) [51, 0.20, 0.68]   0.090 (0.025) [66, 0.03, 0.51]   
6        -0.136 (0.098) [57, 0.16, 0.75]   0.095 (0.023) [72, 0.07, 0.50]   
7        -0.097 (0.080) [61, 0.19, 0.75]   0.091 (0.022) [76, 0.09, 0.50]   
8        -0.085 (0.059) [63, 0.17, 0.76]   0.092 (0.022) [78, 0.11, 0.50]   

== Polity (pooled OLS 0.053, fixed effects -0.006) ==
Each cell: estimate (SE) [instruments, overid p, AR(2) p]
Max lag  Difference GMM                    System GMM                       
2        -0.343 (0.238) [21, 0.01, 0.31]   0.060 (0.028) [36, 0.00, 0.29]   
3        -0.357 (0.204) [33, 0.05, 0.31]   0.053 (0.023) [48, 0.01, 0.30]   
4        -0.336 (0.150) [43, 0.12, 0.30]   0.064 (0.023) [58, 0.01, 0.33]   
5        -0.271 (0.129) [51, 0.18, 0.31]   0.065 (0.022) [66, 0.02, 0.35]   
6        -0.253 (0.107) [57, 0.15, 0.31]   0.066 (0.020) [72, 0.04, 0.31]   
7        -0.273 (0.096) [61, 0.18, 0.32]   0.069 (0.023) [76, 0.04, 0.28]   
8        -0.249 (0.098) [63, 0.13, 0.32]   0.069 (0.023) [78, 0.05, 0.29]   

